Iteration 0:
Front set: {(3.605551275463989, 0, 16, None)}
Visited set: set()

Iteration 1:
Front set: {(9.142870463454745, 1.4142135623730951, 9, 16), (7.433978400210179, 1.0, 22, 16), (8.848191962583273, 1.0, 17, 16), (7.7678289356323695, 1.0, 15, 16), (8.625316113301073, 1.4142135623730951, 23, 16)}
Visited set: {(3.605551275463989, 0, 16, None)}

Iteration 2:
Front set: {(9.142870463454745, 1.4142135623730951, 9, 16), (12.010469622751653, 2.414213562373095, 29, 22), (8.848191962583273, 1.0, 17, 16), (7.7678289356323695, 1.0, 15, 16), (8.625316113301073, 1.4142135623730951, 23, 16), (10.67004637770997, 2.0, 28, 22)}
Visited set: {(7.433978400210179, 1.0, 22, 16), (3.605551275463989, 0, 16, None)}

Iteration 3:
Front set: {(11.76782893563237, 2.0, 14, 15), (9.142870463454745, 1.4142135623730951, 9, 16), (12.010469622751653, 2.414213562373095, 29, 22), (8.848191962583273, 1.0, 17, 16), (8.625316113301073, 1.4142135623730951, 23, 16), (10.67004637770997, 2.0, 28, 22), (13.182042498005465, 2.414213562373095, 8, 15)}
Visited set: {(7.433978400210179, 1.0, 22, 16), (7.7678289356323695, 1.0, 15, 16), (3.605551275463989, 0, 16, None)}

Iteration 4:
Front set: {(11.76782893563237, 2.0, 14, 15), (12.010469622751653, 2.414213562373095, 29, 22), (14.162635301291829, 2.8284271247461903, 30, 23), (10.67004637770997, 2.0, 28, 22), (15.039529675674167, 2.8284271247461903, 18, 23), (9.142870463454745, 1.4142135623730951, 9, 16), (8.848191962583273, 1.0, 17, 16), (14.097452068300653, 2.414213562373095, 24, 23), (13.182042498005465, 2.414213562373095, 8, 15)}
Visited set: {(7.433978400210179, 1.0, 22, 16), (8.625316113301073, 1.4142135623730951, 23, 16), (7.7678289356323695, 1.0, 15, 16), (3.605551275463989, 0, 16, None)}

Iteration 5:
Front set: {(11.76782893563237, 2.0, 14, 15), (12.010469622751653, 2.414213562373095, 29, 22), (14.162635301291829, 2.8284271247461903, 30, 23), (10.67004637770997, 2.0, 28, 22), (9.142870463454745, 1.4142135623730951, 9, 16), (14.097452068300653, 2.414213562373095, 24, 23), (14.848191962583273, 2.0, 18, 17), (13.182042498005465, 2.414213562373095, 8, 15), (15.919259774448749, 2.414213562373095, 12, 17)}
Visited set: {(7.7678289356323695, 1.0, 15, 16), (8.625316113301073, 1.4142135623730951, 23, 16), (7.433978400210179, 1.0, 22, 16), (8.848191962583273, 1.0, 17, 16), (3.605551275463989, 0, 16, None)}

Iteration 6:
Front set: {(11.76782893563237, 2.0, 14, 15), (12.010469622751653, 2.414213562373095, 29, 22), (14.162635301291829, 2.8284271247461903, 30, 23), (15.24188997704753, 2.414213562373095, 3, 9), (10.67004637770997, 2.0, 28, 22), (15.942248832962344, 2.8284271247461903, 4, 9), (14.097452068300653, 2.414213562373095, 24, 23), (14.848191962583273, 2.0, 18, 17), (13.182042498005465, 2.414213562373095, 8, 15), (15.919259774448749, 2.414213562373095, 12, 17)}
Visited set: {(7.7678289356323695, 1.0, 15, 16), (8.625316113301073, 1.4142135623730951, 23, 16), (9.142870463454745, 1.4142135623730951, 9, 16), (7.433978400210179, 1.0, 22, 16), (8.848191962583273, 1.0, 17, 16), (3.605551275463989, 0, 16, None)}

Iteration 7:
Front set: {(11.76782893563237, 2.0, 14, 15), (12.010469622751653, 2.414213562373095, 29, 22), (14.162635301291829, 2.8284271247461903, 30, 23), (15.24188997704753, 2.414213562373095, 3, 9), (15.084259940083065, 3.414213562373095, 35, 28), (13.67004637770997, 3.0, 34, 28), (15.942248832962344, 2.8284271247461903, 4, 9), (14.097452068300653, 2.414213562373095, 24, 23), (14.848191962583273, 2.0, 18, 17), (13.182042498005465, 2.414213562373095, 8, 15), (15.919259774448749, 2.414213562373095, 12, 17)}
Visited set: {(7.7678289356323695, 1.0, 15, 16), (8.625316113301073, 1.4142135623730951, 23, 16), (10.67004637770997, 2.0, 28, 22), (9.142870463454745, 1.4142135623730951, 9, 16), (7.433978400210179, 1.0, 22, 16), (8.848191962583273, 1.0, 17, 16), (3.605551275463989, 0, 16, None)}

Iteration 8:
Front set: {(12.010469622751653, 2.414213562373095, 29, 22), (14.162635301291829, 2.8284271247461903, 30, 23), (15.24188997704753, 2.414213562373095, 3, 9), (15.084259940083065, 3.414213562373095, 35, 28), (17.305148123623127, 3.414213562373095, 7, 14), (13.67004637770997, 3.0, 34, 28), (15.942248832962344, 2.8284271247461903, 4, 9), (15.418110475505255, 3.414213562373095, 19, 14), (14.097452068300653, 2.414213562373095, 24, 23), (14.848191962583273, 2.0, 18, 17), (13.182042498005465, 2.414213562373095, 8, 15), (15.919259774448749, 2.414213562373095, 12, 17), (15.93010659580075, 3.0, 13, 14)}
Visited set: {(11.76782893563237, 2.0, 14, 15), (7.7678289356323695, 1.0, 15, 16), (8.625316113301073, 1.4142135623730951, 23, 16), (10.67004637770997, 2.0, 28, 22), (9.142870463454745, 1.4142135623730951, 9, 16), (7.433978400210179, 1.0, 22, 16), (8.848191962583273, 1.0, 17, 16), (3.605551275463989, 0, 16, None)}

Iteration 9:
Front set: {(14.162635301291829, 2.8284271247461903, 30, 23), (17.42468318512475, 3.82842712474619, 36, 29), (15.24188997704753, 2.414213562373095, 3, 9), (15.084259940083065, 3.414213562373095, 35, 28), (17.305148123623127, 3.414213562373095, 7, 14), (13.67004637770997, 3.0, 34, 28), (15.942248832962344, 2.8284271247461903, 4, 9), (15.418110475505255, 3.414213562373095, 19, 14), (14.097452068300653, 2.414213562373095, 24, 23), (14.848191962583273, 2.0, 18, 17), (13.182042498005465, 2.414213562373095, 8, 15), (15.919259774448749, 2.414213562373095, 12, 17), (15.93010659580075, 3.0, 13, 14)}
Visited set: {(11.76782893563237, 2.0, 14, 15), (12.010469622751653, 2.414213562373095, 29, 22), (7.7678289356323695, 1.0, 15, 16), (8.625316113301073, 1.4142135623730951, 23, 16), (10.67004637770997, 2.0, 28, 22), (9.142870463454745, 1.4142135623730951, 9, 16), (7.433978400210179, 1.0, 22, 16), (8.848191962583273, 1.0, 17, 16), (3.605551275463989, 0, 16, None)}

Iteration 10:
Front set: {(14.162635301291829, 2.8284271247461903, 30, 23), (17.42468318512475, 3.82842712474619, 36, 29), (15.24188997704753, 2.414213562373095, 3, 9), (15.084259940083065, 3.414213562373095, 35, 28), (17.305148123623127, 3.414213562373095, 7, 14), (13.67004637770997, 3.0, 34, 28), (15.418110475505255, 3.414213562373095, 19, 14), (15.942248832962344, 2.8284271247461903, 4, 9), (19.695275573971344, 3.82842712474619, 1, 8), (14.097452068300653, 2.414213562373095, 24, 23), (14.848191962583273, 2.0, 18, 17), (15.919259774448749, 2.414213562373095, 12, 17), (15.93010659580075, 3.0, 13, 14)}
Visited set: {(11.76782893563237, 2.0, 14, 15), (12.010469622751653, 2.414213562373095, 29, 22), (7.7678289356323695, 1.0, 15, 16), (8.625316113301073, 1.4142135623730951, 23, 16), (10.67004637770997, 2.0, 28, 22), (9.142870463454745, 1.4142135623730951, 9, 16), (7.433978400210179, 1.0, 22, 16), (8.848191962583273, 1.0, 17, 16), (3.605551275463989, 0, 16, None), (13.182042498005465, 2.414213562373095, 8, 15)}

Iteration 11:
Front set: {(14.162635301291829, 2.8284271247461903, 30, 23), (17.42468318512475, 3.82842712474619, 36, 29), (15.24188997704753, 2.414213562373095, 3, 9), (15.084259940083065, 3.414213562373095, 35, 28), (17.305148123623127, 3.414213562373095, 7, 14), (15.418110475505255, 3.414213562373095, 19, 14), (15.942248832962344, 2.8284271247461903, 4, 9), (19.695275573971344, 3.82842712474619, 1, 8), (14.097452068300653, 2.414213562373095, 24, 23), (14.848191962583273, 2.0, 18, 17), (15.919259774448749, 2.414213562373095, 12, 17), (15.93010659580075, 3.0, 13, 14)}
Visited set: {(11.76782893563237, 2.0, 14, 15), (12.010469622751653, 2.414213562373095, 29, 22), (7.7678289356323695, 1.0, 15, 16), (8.625316113301073, 1.4142135623730951, 23, 16), (10.67004637770997, 2.0, 28, 22), (13.67004637770997, 3.0, 34, 28), (9.142870463454745, 1.4142135623730951, 9, 16), (7.433978400210179, 1.0, 22, 16), (8.848191962583273, 1.0, 17, 16), (3.605551275463989, 0, 16, None), (13.182042498005465, 2.414213562373095, 8, 15)}

Iteration 12:
Front set: {(14.162635301291829, 2.8284271247461903, 30, 23), (17.42468318512475, 3.82842712474619, 36, 29), (15.24188997704753, 2.414213562373095, 3, 9), (15.084259940083065, 3.414213562373095, 35, 28), (17.305148123623127, 3.414213562373095, 7, 14), (15.418110475505255, 3.414213562373095, 19, 14), (15.942248832962344, 2.8284271247461903, 4, 9), (19.695275573971344, 3.82842712474619, 1, 8), (14.848191962583273, 2.0, 18, 17), (15.919259774448749, 2.414213562373095, 12, 17), (15.93010659580075, 3.0, 13, 14)}
Visited set: {(11.76782893563237, 2.0, 14, 15), (12.010469622751653, 2.414213562373095, 29, 22), (7.7678289356323695, 1.0, 15, 16), (8.625316113301073, 1.4142135623730951, 23, 16), (10.67004637770997, 2.0, 28, 22), (13.67004637770997, 3.0, 34, 28), (9.142870463454745, 1.4142135623730951, 9, 16), (7.433978400210179, 1.0, 22, 16), (8.848191962583273, 1.0, 17, 16), (14.097452068300653, 2.414213562373095, 24, 23), (3.605551275463989, 0, 16, None), (13.182042498005465, 2.414213562373095, 8, 15)}

Iteration 13:
Front set: {(17.42468318512475, 3.82842712474619, 36, 29), (15.084259940083065, 3.414213562373095, 35, 28), (15.24188997704753, 2.414213562373095, 3, 9), (17.305148123623127, 3.414213562373095, 7, 14), (15.418110475505255, 3.414213562373095, 19, 14), (15.942248832962344, 2.8284271247461903, 4, 9), (19.695275573971344, 3.82842712474619, 1, 8), (14.848191962583273, 2.0, 18, 17), (15.919259774448749, 2.414213562373095, 12, 17), (15.93010659580075, 3.0, 13, 14)}
Visited set: {(11.76782893563237, 2.0, 14, 15), (12.010469622751653, 2.414213562373095, 29, 22), (14.162635301291829, 2.8284271247461903, 30, 23), (7.7678289356323695, 1.0, 15, 16), (8.625316113301073, 1.4142135623730951, 23, 16), (10.67004637770997, 2.0, 28, 22), (13.67004637770997, 3.0, 34, 28), (9.142870463454745, 1.4142135623730951, 9, 16), (7.433978400210179, 1.0, 22, 16), (8.848191962583273, 1.0, 17, 16), (14.097452068300653, 2.414213562373095, 24, 23), (3.605551275463989, 0, 16, None), (13.182042498005465, 2.414213562373095, 8, 15)}

Iteration 14:
Front set: {(17.42468318512475, 3.82842712474619, 36, 29), (15.084259940083065, 3.414213562373095, 35, 28), (15.24188997704753, 2.414213562373095, 3, 9), (17.305148123623127, 3.414213562373095, 7, 14), (15.418110475505255, 3.414213562373095, 19, 14), (15.942248832962344, 2.8284271247461903, 4, 9), (19.695275573971344, 3.82842712474619, 1, 8), (15.919259774448749, 2.414213562373095, 12, 17), (15.93010659580075, 3.0, 13, 14)}
Visited set: {(11.76782893563237, 2.0, 14, 15), (12.010469622751653, 2.414213562373095, 29, 22), (14.162635301291829, 2.8284271247461903, 30, 23), (7.7678289356323695, 1.0, 15, 16), (8.625316113301073, 1.4142135623730951, 23, 16), (10.67004637770997, 2.0, 28, 22), (13.67004637770997, 3.0, 34, 28), (9.142870463454745, 1.4142135623730951, 9, 16), (7.433978400210179, 1.0, 22, 16), (8.848191962583273, 1.0, 17, 16), (14.097452068300653, 2.414213562373095, 24, 23), (3.605551275463989, 0, 16, None), (13.182042498005465, 2.414213562373095, 8, 15), (14.848191962583273, 2.0, 18, 17)}

Iteration 15:
Front set: {(17.42468318512475, 3.82842712474619, 36, 29), (15.24188997704753, 2.414213562373095, 3, 9), (17.305148123623127, 3.414213562373095, 7, 14), (15.418110475505255, 3.414213562373095, 19, 14), (15.942248832962344, 2.8284271247461903, 4, 9), (19.695275573971344, 3.82842712474619, 1, 8), (15.919259774448749, 2.414213562373095, 12, 17), (15.93010659580075, 3.0, 13, 14)}
Visited set: {(11.76782893563237, 2.0, 14, 15), (12.010469622751653, 2.414213562373095, 29, 22), (14.162635301291829, 2.8284271247461903, 30, 23), (15.084259940083065, 3.414213562373095, 35, 28), (7.7678289356323695, 1.0, 15, 16), (8.625316113301073, 1.4142135623730951, 23, 16), (10.67004637770997, 2.0, 28, 22), (13.67004637770997, 3.0, 34, 28), (9.142870463454745, 1.4142135623730951, 9, 16), (7.433978400210179, 1.0, 22, 16), (8.848191962583273, 1.0, 17, 16), (14.097452068300653, 2.414213562373095, 24, 23), (3.605551275463989, 0, 16, None), (13.182042498005465, 2.414213562373095, 8, 15), (14.848191962583273, 2.0, 18, 17)}

Iteration 16:
Front set: {(17.42468318512475, 3.82842712474619, 36, 29), (17.305148123623127, 3.414213562373095, 7, 14), (15.942248832962344, 2.8284271247461903, 4, 9), (15.418110475505255, 3.414213562373095, 19, 14), (15.919259774448749, 2.414213562373095, 12, 17), (15.93010659580075, 3.0, 13, 14), (19.695275573971344, 3.82842712474619, 1, 8)}
Visited set: {(11.76782893563237, 2.0, 14, 15), (12.010469622751653, 2.414213562373095, 29, 22), (14.162635301291829, 2.8284271247461903, 30, 23), (15.084259940083065, 3.414213562373095, 35, 28), (7.7678289356323695, 1.0, 15, 16), (8.625316113301073, 1.4142135623730951, 23, 16), (10.67004637770997, 2.0, 28, 22), (15.24188997704753, 2.414213562373095, 3, 9), (13.67004637770997, 3.0, 34, 28), (9.142870463454745, 1.4142135623730951, 9, 16), (7.433978400210179, 1.0, 22, 16), (8.848191962583273, 1.0, 17, 16), (14.097452068300653, 2.414213562373095, 24, 23), (3.605551275463989, 0, 16, None), (13.182042498005465, 2.414213562373095, 8, 15), (14.848191962583273, 2.0, 18, 17)}

Iteration 17:
Front set: {(17.83232403787835, 4.82842712474619, 26, 19), (17.42468318512475, 3.82842712474619, 36, 29), (17.305148123623127, 3.414213562373095, 7, 14), (15.942248832962344, 2.8284271247461903, 4, 9), (19.695275573971344, 3.82842712474619, 1, 8), (17.83232403787835, 4.414213562373095, 25, 19), (15.919259774448749, 2.414213562373095, 12, 17), (15.93010659580075, 3.0, 13, 14)}
Visited set: {(11.76782893563237, 2.0, 14, 15), (12.010469622751653, 2.414213562373095, 29, 22), (14.162635301291829, 2.8284271247461903, 30, 23), (15.084259940083065, 3.414213562373095, 35, 28), (7.7678289356323695, 1.0, 15, 16), (8.625316113301073, 1.4142135623730951, 23, 16), (10.67004637770997, 2.0, 28, 22), (15.24188997704753, 2.414213562373095, 3, 9), (13.67004637770997, 3.0, 34, 28), (15.418110475505255, 3.414213562373095, 19, 14), (9.142870463454745, 1.4142135623730951, 9, 16), (7.433978400210179, 1.0, 22, 16), (8.848191962583273, 1.0, 17, 16), (14.097452068300653, 2.414213562373095, 24, 23), (3.605551275463989, 0, 16, None), (13.182042498005465, 2.414213562373095, 8, 15), (14.848191962583273, 2.0, 18, 17)}

Iteration 18:
Front set: {(17.83232403787835, 4.82842712474619, 26, 19), (23.322384011881596, 3.414213562373095, 6, 12), (17.42468318512475, 3.82842712474619, 36, 29), (17.305148123623127, 3.414213562373095, 7, 14), (15.942248832962344, 2.8284271247461903, 4, 9), (19.695275573971344, 3.82842712474619, 1, 8), (23.164425231667146, 3.82842712474619, 5, 12), (17.83232403787835, 4.414213562373095, 25, 19), (15.93010659580075, 3.0, 13, 14)}
Visited set: {(11.76782893563237, 2.0, 14, 15), (12.010469622751653, 2.414213562373095, 29, 22), (14.162635301291829, 2.8284271247461903, 30, 23), (15.084259940083065, 3.414213562373095, 35, 28), (7.7678289356323695, 1.0, 15, 16), (8.625316113301073, 1.4142135623730951, 23, 16), (10.67004637770997, 2.0, 28, 22), (15.24188997704753, 2.414213562373095, 3, 9), (13.67004637770997, 3.0, 34, 28), (15.418110475505255, 3.414213562373095, 19, 14), (9.142870463454745, 1.4142135623730951, 9, 16), (7.433978400210179, 1.0, 22, 16), (8.848191962583273, 1.0, 17, 16), (14.097452068300653, 2.414213562373095, 24, 23), (3.605551275463989, 0, 16, None), (13.182042498005465, 2.414213562373095, 8, 15), (14.848191962583273, 2.0, 18, 17), (15.919259774448749, 2.414213562373095, 12, 17)}

Iteration 19:
Front set: {(17.83232403787835, 4.82842712474619, 26, 19), (23.322384011881596, 3.414213562373095, 6, 12), (17.42468318512475, 3.82842712474619, 36, 29), (17.305148123623127, 3.414213562373095, 7, 14), (15.942248832962344, 2.8284271247461903, 4, 9), (19.695275573971344, 3.82842712474619, 1, 8), (23.164425231667146, 3.82842712474619, 5, 12), (17.83232403787835, 4.414213562373095, 25, 19)}
Visited set: {(12.010469622751653, 2.414213562373095, 29, 22), (15.24188997704753, 2.414213562373095, 3, 9), (8.625316113301073, 1.4142135623730951, 23, 16), (10.67004637770997, 2.0, 28, 22), (9.142870463454745, 1.4142135623730951, 9, 16), (8.848191962583273, 1.0, 17, 16), (14.848191962583273, 2.0, 18, 17), (15.919259774448749, 2.414213562373095, 12, 17), (11.76782893563237, 2.0, 14, 15), (13.67004637770997, 3.0, 34, 28), (3.605551275463989, 0, 16, None), (15.418110475505255, 3.414213562373095, 19, 14), (15.93010659580075, 3.0, 13, 14), (14.162635301291829, 2.8284271247461903, 30, 23), (15.084259940083065, 3.414213562373095, 35, 28), (7.7678289356323695, 1.0, 15, 16), (7.433978400210179, 1.0, 22, 16), (14.097452068300653, 2.414213562373095, 24, 23), (13.182042498005465, 2.414213562373095, 8, 15)}

Iteration 20:
Front set: {(17.83232403787835, 4.82842712474619, 26, 19), (23.322384011881596, 3.414213562373095, 6, 12), (17.42468318512475, 3.82842712474619, 36, 29), (17.83232403787835, 4.414213562373095, 25, 19), (17.305148123623127, 3.414213562373095, 7, 14), (22.773200727807644, 3.8284271247461903, 5, 4), (19.695275573971344, 3.82842712474619, 1, 8)}
Visited set: {(12.010469622751653, 2.414213562373095, 29, 22), (15.24188997704753, 2.414213562373095, 3, 9), (8.625316113301073, 1.4142135623730951, 23, 16), (10.67004637770997, 2.0, 28, 22), (9.142870463454745, 1.4142135623730951, 9, 16), (8.848191962583273, 1.0, 17, 16), (14.848191962583273, 2.0, 18, 17), (15.919259774448749, 2.414213562373095, 12, 17), (11.76782893563237, 2.0, 14, 15), (13.67004637770997, 3.0, 34, 28), (15.942248832962344, 2.8284271247461903, 4, 9), (3.605551275463989, 0, 16, None), (15.418110475505255, 3.414213562373095, 19, 14), (15.93010659580075, 3.0, 13, 14), (14.162635301291829, 2.8284271247461903, 30, 23), (15.084259940083065, 3.414213562373095, 35, 28), (7.7678289356323695, 1.0, 15, 16), (7.433978400210179, 1.0, 22, 16), (14.097452068300653, 2.414213562373095, 24, 23), (13.182042498005465, 2.414213562373095, 8, 15)}

Iteration 21:
Front set: {(17.83232403787835, 4.82842712474619, 26, 19), (23.322384011881596, 3.414213562373095, 6, 12), (17.42468318512475, 3.82842712474619, 36, 29), (17.83232403787835, 4.414213562373095, 25, 19), (22.773200727807644, 3.8284271247461903, 5, 4), (19.695275573971344, 3.82842712474619, 1, 8)}
Visited set: {(12.010469622751653, 2.414213562373095, 29, 22), (15.24188997704753, 2.414213562373095, 3, 9), (8.625316113301073, 1.4142135623730951, 23, 16), (10.67004637770997, 2.0, 28, 22), (9.142870463454745, 1.4142135623730951, 9, 16), (8.848191962583273, 1.0, 17, 16), (14.848191962583273, 2.0, 18, 17), (15.919259774448749, 2.414213562373095, 12, 17), (11.76782893563237, 2.0, 14, 15), (13.67004637770997, 3.0, 34, 28), (15.942248832962344, 2.8284271247461903, 4, 9), (3.605551275463989, 0, 16, None), (15.418110475505255, 3.414213562373095, 19, 14), (15.93010659580075, 3.0, 13, 14), (14.162635301291829, 2.8284271247461903, 30, 23), (15.084259940083065, 3.414213562373095, 35, 28), (7.7678289356323695, 1.0, 15, 16), (17.305148123623127, 3.414213562373095, 7, 14), (7.433978400210179, 1.0, 22, 16), (14.097452068300653, 2.414213562373095, 24, 23), (13.182042498005465, 2.414213562373095, 8, 15)}

Iteration 22:
Front set: {(17.83232403787835, 4.82842712474619, 26, 19), (23.322384011881596, 3.414213562373095, 6, 12), (17.83232403787835, 4.414213562373095, 25, 19), (22.773200727807644, 3.8284271247461903, 5, 4), (19.695275573971344, 3.82842712474619, 1, 8)}
Visited set: {(12.010469622751653, 2.414213562373095, 29, 22), (15.24188997704753, 2.414213562373095, 3, 9), (8.625316113301073, 1.4142135623730951, 23, 16), (10.67004637770997, 2.0, 28, 22), (9.142870463454745, 1.4142135623730951, 9, 16), (8.848191962583273, 1.0, 17, 16), (14.848191962583273, 2.0, 18, 17), (15.919259774448749, 2.414213562373095, 12, 17), (11.76782893563237, 2.0, 14, 15), (13.67004637770997, 3.0, 34, 28), (15.942248832962344, 2.8284271247461903, 4, 9), (3.605551275463989, 0, 16, None), (15.418110475505255, 3.414213562373095, 19, 14), (15.93010659580075, 3.0, 13, 14), (14.162635301291829, 2.8284271247461903, 30, 23), (15.084259940083065, 3.414213562373095, 35, 28), (17.42468318512475, 3.82842712474619, 36, 29), (7.7678289356323695, 1.0, 15, 16), (17.305148123623127, 3.414213562373095, 7, 14), (7.433978400210179, 1.0, 22, 16), (14.097452068300653, 2.414213562373095, 24, 23), (13.182042498005465, 2.414213562373095, 8, 15)}

Iteration 23:
Front set: {(18.83232403787835, 5.82842712474619, 32, 26), (23.322384011881596, 3.414213562373095, 6, 12), (20.246537600251447, 6.242640687119285, 31, 26), (17.83232403787835, 4.414213562373095, 25, 19), (22.773200727807644, 3.8284271247461903, 5, 4), (19.695275573971344, 3.82842712474619, 1, 8)}
Visited set: {(12.010469622751653, 2.414213562373095, 29, 22), (15.24188997704753, 2.414213562373095, 3, 9), (8.625316113301073, 1.4142135623730951, 23, 16), (10.67004637770997, 2.0, 28, 22), (9.142870463454745, 1.4142135623730951, 9, 16), (8.848191962583273, 1.0, 17, 16), (14.848191962583273, 2.0, 18, 17), (15.919259774448749, 2.414213562373095, 12, 17), (11.76782893563237, 2.0, 14, 15), (13.67004637770997, 3.0, 34, 28), (15.942248832962344, 2.8284271247461903, 4, 9), (3.605551275463989, 0, 16, None), (17.83232403787835, 4.82842712474619, 26, 19), (15.418110475505255, 3.414213562373095, 19, 14), (15.93010659580075, 3.0, 13, 14), (14.162635301291829, 2.8284271247461903, 30, 23), (15.084259940083065, 3.414213562373095, 35, 28), (17.42468318512475, 3.82842712474619, 36, 29), (7.7678289356323695, 1.0, 15, 16), (17.305148123623127, 3.414213562373095, 7, 14), (7.433978400210179, 1.0, 22, 16), (14.097452068300653, 2.414213562373095, 24, 23), (13.182042498005465, 2.414213562373095, 8, 15)}

Iteration 24:
Front set: {(18.83232403787835, 5.82842712474619, 32, 26), (23.322384011881596, 3.414213562373095, 6, 12), (19.83232403787835, 5.414213562373095, 31, 25), (22.773200727807644, 3.8284271247461903, 5, 4), (19.695275573971344, 3.82842712474619, 1, 8)}
Visited set: {(12.010469622751653, 2.414213562373095, 29, 22), (15.24188997704753, 2.414213562373095, 3, 9), (8.625316113301073, 1.4142135623730951, 23, 16), (10.67004637770997, 2.0, 28, 22), (9.142870463454745, 1.4142135623730951, 9, 16), (8.848191962583273, 1.0, 17, 16), (14.848191962583273, 2.0, 18, 17), (15.919259774448749, 2.414213562373095, 12, 17), (11.76782893563237, 2.0, 14, 15), (13.67004637770997, 3.0, 34, 28), (15.942248832962344, 2.8284271247461903, 4, 9), (17.83232403787835, 4.414213562373095, 25, 19), (3.605551275463989, 0, 16, None), (17.83232403787835, 4.82842712474619, 26, 19), (15.418110475505255, 3.414213562373095, 19, 14), (15.93010659580075, 3.0, 13, 14), (14.162635301291829, 2.8284271247461903, 30, 23), (15.084259940083065, 3.414213562373095, 35, 28), (17.42468318512475, 3.82842712474619, 36, 29), (7.7678289356323695, 1.0, 15, 16), (17.305148123623127, 3.414213562373095, 7, 14), (7.433978400210179, 1.0, 22, 16), (14.097452068300653, 2.414213562373095, 24, 23), (13.182042498005465, 2.414213562373095, 8, 15)}

Iteration 25:
Front set: {(22.773200727807644, 3.8284271247461903, 5, 4), (23.322384011881596, 3.414213562373095, 6, 12), (19.83232403787835, 5.414213562373095, 31, 25), (19.695275573971344, 3.82842712474619, 1, 8)}
Visited set: {(12.010469622751653, 2.414213562373095, 29, 22), (15.24188997704753, 2.414213562373095, 3, 9), (8.625316113301073, 1.4142135623730951, 23, 16), (10.67004637770997, 2.0, 28, 22), (9.142870463454745, 1.4142135623730951, 9, 16), (8.848191962583273, 1.0, 17, 16), (14.848191962583273, 2.0, 18, 17), (15.919259774448749, 2.414213562373095, 12, 17), (11.76782893563237, 2.0, 14, 15), (13.67004637770997, 3.0, 34, 28), (15.942248832962344, 2.8284271247461903, 4, 9), (17.83232403787835, 4.414213562373095, 25, 19), (3.605551275463989, 0, 16, None), (17.83232403787835, 4.82842712474619, 26, 19), (15.418110475505255, 3.414213562373095, 19, 14), (15.93010659580075, 3.0, 13, 14), (14.162635301291829, 2.8284271247461903, 30, 23), (15.084259940083065, 3.414213562373095, 35, 28), (17.42468318512475, 3.82842712474619, 36, 29), (7.7678289356323695, 1.0, 15, 16), (17.305148123623127, 3.414213562373095, 7, 14), (18.83232403787835, 5.82842712474619, 32, 26), (7.433978400210179, 1.0, 22, 16), (14.097452068300653, 2.414213562373095, 24, 23), (13.182042498005465, 2.414213562373095, 8, 15)}

