Iteration 0:
Front set: {(0, 16, None)}
Visited set: set()

Iteration 1:
Front set: {(1.0, 22, 16), (1.4142135623730951, 23, 16), (1.0, 17, 16), (1.4142135623730951, 9, 16), (1.0, 15, 16)}
Visited set: {(0, 16, None)}

Iteration 2:
Front set: {(2.0, 28, 22), (1.4142135623730951, 23, 16), (1.0, 17, 16), (1.4142135623730951, 9, 16), (2.414213562373095, 29, 22), (1.0, 15, 16)}
Visited set: {(1.0, 22, 16), (0, 16, None)}

Iteration 3:
Front set: {(2.0, 28, 22), (1.4142135623730951, 23, 16), (1.4142135623730951, 9, 16), (2.414213562373095, 12, 17), (2.414213562373095, 24, 17), (2.0, 18, 17), (2.414213562373095, 29, 22), (1.0, 15, 16)}
Visited set: {(1.0, 22, 16), (0, 16, None), (1.0, 17, 16)}

Iteration 4:
Front set: {(2.0, 28, 22), (1.4142135623730951, 23, 16), (2.414213562373095, 8, 15), (1.4142135623730951, 9, 16), (2.414213562373095, 12, 17), (2.414213562373095, 24, 17), (2.0, 14, 15), (2.0, 18, 17), (2.414213562373095, 29, 22)}
Visited set: {(1.0, 22, 16), (0, 16, None), (1.0, 15, 16), (1.0, 17, 16)}

Iteration 5:
Front set: {(2.0, 28, 22), (2.414213562373095, 8, 15), (1.4142135623730951, 9, 16), (2.414213562373095, 12, 17), (2.414213562373095, 24, 17), (2.0, 14, 15), (2.0, 18, 17), (2.8284271247461903, 30, 23), (2.414213562373095, 29, 22)}
Visited set: {(0, 16, None), (1.4142135623730951, 23, 16), (1.0, 22, 16), (1.0, 17, 16), (1.0, 15, 16)}

Iteration 6:
Front set: {(2.0, 28, 22), (2.414213562373095, 8, 15), (2.414213562373095, 12, 17), (2.414213562373095, 24, 17), (2.0, 14, 15), (2.0, 18, 17), (2.8284271247461903, 30, 23), (2.8284271247461903, 4, 9), (2.414213562373095, 29, 22), (2.414213562373095, 3, 9)}
Visited set: {(0, 16, None), (1.4142135623730951, 23, 16), (1.4142135623730951, 9, 16), (1.0, 22, 16), (1.0, 17, 16), (1.0, 15, 16)}

Iteration 7:
Front set: {(2.414213562373095, 8, 15), (2.414213562373095, 12, 17), (2.414213562373095, 24, 17), (2.0, 14, 15), (2.0, 18, 17), (2.8284271247461903, 30, 23), (2.8284271247461903, 4, 9), (3.0, 34, 28), (2.414213562373095, 29, 22), (2.414213562373095, 3, 9), (3.414213562373095, 35, 28)}
Visited set: {(2.0, 28, 22), (0, 16, None), (1.4142135623730951, 23, 16), (1.4142135623730951, 9, 16), (1.0, 22, 16), (1.0, 17, 16), (1.0, 15, 16)}

Iteration 8:
Front set: {(2.414213562373095, 8, 15), (3.0, 13, 14), (2.414213562373095, 12, 17), (2.414213562373095, 24, 17), (3.414213562373095, 19, 14), (2.0, 18, 17), (3.0, 34, 28), (2.8284271247461903, 30, 23), (2.8284271247461903, 4, 9), (3.414213562373095, 7, 14), (2.414213562373095, 29, 22), (2.414213562373095, 3, 9), (3.414213562373095, 35, 28)}
Visited set: {(2.0, 28, 22), (0, 16, None), (1.4142135623730951, 23, 16), (1.4142135623730951, 9, 16), (2.0, 14, 15), (1.0, 22, 16), (1.0, 17, 16), (1.0, 15, 16)}

Iteration 9:
Front set: {(2.414213562373095, 8, 15), (3.0, 13, 14), (2.414213562373095, 12, 17), (2.414213562373095, 24, 17), (3.414213562373095, 19, 14), (3.0, 34, 28), (2.8284271247461903, 30, 23), (2.8284271247461903, 4, 9), (3.414213562373095, 7, 14), (2.414213562373095, 29, 22), (2.414213562373095, 3, 9), (3.414213562373095, 35, 28)}
Visited set: {(2.0, 28, 22), (0, 16, None), (1.4142135623730951, 23, 16), (1.4142135623730951, 9, 16), (2.0, 14, 15), (1.0, 22, 16), (1.0, 17, 16), (2.0, 18, 17), (1.0, 15, 16)}

Iteration 10:
Front set: {(3.0, 13, 14), (2.414213562373095, 12, 17), (2.414213562373095, 24, 17), (3.414213562373095, 19, 14), (3.0, 34, 28), (2.8284271247461903, 30, 23), (2.8284271247461903, 4, 9), (3.414213562373095, 7, 14), (2.414213562373095, 29, 22), (2.414213562373095, 3, 9), (3.82842712474619, 1, 8), (3.414213562373095, 35, 28)}
Visited set: {(2.0, 28, 22), (0, 16, None), (1.4142135623730951, 23, 16), (2.414213562373095, 8, 15), (1.4142135623730951, 9, 16), (2.0, 14, 15), (1.0, 22, 16), (1.0, 17, 16), (2.0, 18, 17), (1.0, 15, 16)}

Iteration 11:
Front set: {(3.0, 13, 14), (2.414213562373095, 24, 17), (3.414213562373095, 19, 14), (3.0, 34, 28), (2.8284271247461903, 30, 23), (2.8284271247461903, 4, 9), (3.414213562373095, 7, 14), (3.414213562373095, 6, 12), (2.414213562373095, 29, 22), (2.414213562373095, 3, 9), (3.82842712474619, 1, 8), (3.82842712474619, 5, 12), (3.414213562373095, 35, 28)}
Visited set: {(2.0, 28, 22), (0, 16, None), (1.4142135623730951, 23, 16), (2.414213562373095, 8, 15), (1.4142135623730951, 9, 16), (2.414213562373095, 12, 17), (2.0, 14, 15), (1.0, 22, 16), (1.0, 17, 16), (2.0, 18, 17), (1.0, 15, 16)}

Iteration 12:
Front set: {(3.0, 13, 14), (3.414213562373095, 19, 14), (3.0, 34, 28), (2.8284271247461903, 30, 23), (2.8284271247461903, 4, 9), (3.414213562373095, 7, 14), (3.414213562373095, 6, 12), (2.414213562373095, 29, 22), (2.414213562373095, 3, 9), (3.82842712474619, 1, 8), (3.82842712474619, 5, 12), (3.414213562373095, 35, 28)}
Visited set: {(2.0, 28, 22), (0, 16, None), (1.4142135623730951, 23, 16), (2.414213562373095, 8, 15), (1.4142135623730951, 9, 16), (2.414213562373095, 12, 17), (2.0, 14, 15), (2.414213562373095, 24, 17), (1.0, 22, 16), (1.0, 17, 16), (2.0, 18, 17), (1.0, 15, 16)}

Iteration 13:
Front set: {(3.0, 13, 14), (3.82842712474619, 36, 29), (3.414213562373095, 19, 14), (3.0, 34, 28), (2.8284271247461903, 30, 23), (2.8284271247461903, 4, 9), (3.414213562373095, 7, 14), (3.414213562373095, 6, 12), (2.414213562373095, 3, 9), (3.82842712474619, 1, 8), (3.82842712474619, 5, 12), (3.414213562373095, 35, 28)}
Visited set: {(2.0, 28, 22), (0, 16, None), (1.4142135623730951, 23, 16), (2.414213562373095, 8, 15), (1.4142135623730951, 9, 16), (2.414213562373095, 12, 17), (2.0, 14, 15), (2.414213562373095, 24, 17), (1.0, 22, 16), (1.0, 17, 16), (2.0, 18, 17), (2.414213562373095, 29, 22), (1.0, 15, 16)}

Iteration 14:
Front set: {(3.0, 13, 14), (3.82842712474619, 36, 29), (3.414213562373095, 19, 14), (3.0, 34, 28), (2.8284271247461903, 30, 23), (2.8284271247461903, 4, 9), (3.414213562373095, 7, 14), (3.414213562373095, 6, 12), (3.82842712474619, 1, 8), (3.82842712474619, 5, 12), (3.414213562373095, 35, 28)}
Visited set: {(2.0, 28, 22), (0, 16, None), (1.4142135623730951, 23, 16), (2.414213562373095, 8, 15), (1.4142135623730951, 9, 16), (2.414213562373095, 12, 17), (2.0, 14, 15), (2.414213562373095, 24, 17), (1.0, 22, 16), (1.0, 17, 16), (2.0, 18, 17), (2.414213562373095, 29, 22), (1.0, 15, 16), (2.414213562373095, 3, 9)}

Iteration 15:
Front set: {(3.0, 13, 14), (3.82842712474619, 36, 29), (3.414213562373095, 19, 14), (3.0, 34, 28), (2.8284271247461903, 4, 9), (3.414213562373095, 7, 14), (3.414213562373095, 6, 12), (3.82842712474619, 1, 8), (3.82842712474619, 5, 12), (3.414213562373095, 35, 28)}
Visited set: {(2.0, 28, 22), (0, 16, None), (1.4142135623730951, 23, 16), (2.414213562373095, 8, 15), (1.4142135623730951, 9, 16), (2.414213562373095, 12, 17), (2.0, 14, 15), (2.414213562373095, 24, 17), (1.0, 22, 16), (1.0, 17, 16), (2.0, 18, 17), (2.8284271247461903, 30, 23), (2.414213562373095, 29, 22), (1.0, 15, 16), (2.414213562373095, 3, 9)}

Iteration 16:
Front set: {(3.0, 13, 14), (3.82842712474619, 36, 29), (3.414213562373095, 19, 14), (3.0, 34, 28), (3.414213562373095, 7, 14), (3.414213562373095, 6, 12), (3.82842712474619, 1, 8), (3.82842712474619, 5, 12), (3.414213562373095, 35, 28)}
Visited set: {(2.0, 28, 22), (0, 16, None), (1.4142135623730951, 23, 16), (2.414213562373095, 8, 15), (1.4142135623730951, 9, 16), (2.414213562373095, 12, 17), (2.0, 14, 15), (2.414213562373095, 24, 17), (1.0, 22, 16), (1.0, 17, 16), (2.0, 18, 17), (2.8284271247461903, 30, 23), (2.8284271247461903, 4, 9), (2.414213562373095, 29, 22), (1.0, 15, 16), (2.414213562373095, 3, 9)}

Iteration 17:
Front set: {(3.0, 13, 14), (3.82842712474619, 36, 29), (3.414213562373095, 19, 14), (3.414213562373095, 7, 14), (3.414213562373095, 6, 12), (3.82842712474619, 1, 8), (3.82842712474619, 5, 12), (3.414213562373095, 35, 28)}
Visited set: {(2.0, 28, 22), (0, 16, None), (1.4142135623730951, 23, 16), (2.414213562373095, 8, 15), (1.4142135623730951, 9, 16), (2.414213562373095, 12, 17), (2.0, 14, 15), (2.414213562373095, 24, 17), (1.0, 22, 16), (1.0, 17, 16), (2.0, 18, 17), (2.8284271247461903, 30, 23), (2.8284271247461903, 4, 9), (3.0, 34, 28), (2.414213562373095, 29, 22), (1.0, 15, 16), (2.414213562373095, 3, 9)}

Iteration 18:
Front set: {(3.82842712474619, 36, 29), (3.414213562373095, 7, 14), (3.414213562373095, 6, 12), (3.414213562373095, 19, 14), (3.82842712474619, 1, 8), (3.82842712474619, 5, 12), (3.414213562373095, 35, 28)}
Visited set: {(2.0, 28, 22), (0, 16, None), (1.4142135623730951, 23, 16), (2.414213562373095, 8, 15), (3.0, 13, 14), (1.4142135623730951, 9, 16), (2.414213562373095, 12, 17), (2.0, 14, 15), (2.414213562373095, 24, 17), (1.0, 22, 16), (1.0, 17, 16), (2.0, 18, 17), (2.8284271247461903, 30, 23), (2.8284271247461903, 4, 9), (3.0, 34, 28), (2.414213562373095, 29, 22), (1.0, 15, 16), (2.414213562373095, 3, 9)}

Iteration 19:
Front set: {(4.82842712474619, 26, 19), (3.82842712474619, 36, 29), (4.414213562373095, 25, 19), (3.414213562373095, 7, 14), (3.414213562373095, 6, 12), (3.82842712474619, 1, 8), (3.82842712474619, 5, 12), (3.414213562373095, 35, 28)}
Visited set: {(1.4142135623730951, 9, 16), (2.414213562373095, 12, 17), (0, 16, None), (2.0, 14, 15), (1.0, 22, 16), (2.8284271247461903, 30, 23), (1.0, 15, 16), (2.414213562373095, 8, 15), (2.414213562373095, 24, 17), (3.414213562373095, 19, 14), (1.0, 17, 16), (3.0, 34, 28), (2.414213562373095, 29, 22), (2.414213562373095, 3, 9), (2.0, 28, 22), (1.4142135623730951, 23, 16), (3.0, 13, 14), (2.0, 18, 17), (2.8284271247461903, 4, 9)}

Iteration 20:
Front set: {(4.82842712474619, 26, 19), (3.82842712474619, 36, 29), (4.414213562373095, 25, 19), (3.414213562373095, 7, 14), (3.82842712474619, 1, 8), (3.82842712474619, 5, 12), (3.414213562373095, 35, 28)}
Visited set: {(1.4142135623730951, 9, 16), (2.414213562373095, 12, 17), (3.414213562373095, 6, 12), (0, 16, None), (2.0, 14, 15), (1.0, 22, 16), (2.8284271247461903, 30, 23), (1.0, 15, 16), (2.414213562373095, 8, 15), (2.414213562373095, 24, 17), (3.414213562373095, 19, 14), (1.0, 17, 16), (3.0, 34, 28), (2.414213562373095, 29, 22), (2.414213562373095, 3, 9), (2.0, 28, 22), (1.4142135623730951, 23, 16), (3.0, 13, 14), (2.0, 18, 17), (2.8284271247461903, 4, 9)}

Iteration 21:
Front set: {(4.82842712474619, 26, 19), (3.82842712474619, 36, 29), (4.414213562373095, 25, 19), (3.414213562373095, 7, 14), (3.82842712474619, 1, 8), (3.82842712474619, 5, 12)}
Visited set: {(1.4142135623730951, 9, 16), (2.414213562373095, 12, 17), (3.414213562373095, 6, 12), (0, 16, None), (2.0, 14, 15), (1.0, 22, 16), (2.8284271247461903, 30, 23), (1.0, 15, 16), (2.414213562373095, 8, 15), (2.414213562373095, 24, 17), (3.414213562373095, 19, 14), (1.0, 17, 16), (3.0, 34, 28), (2.414213562373095, 29, 22), (2.414213562373095, 3, 9), (3.414213562373095, 35, 28), (2.0, 28, 22), (1.4142135623730951, 23, 16), (3.0, 13, 14), (2.0, 18, 17), (2.8284271247461903, 4, 9)}

Iteration 22:
Front set: {(4.82842712474619, 26, 19), (3.82842712474619, 36, 29), (4.414213562373095, 25, 19), (3.82842712474619, 1, 8), (3.82842712474619, 5, 12)}
Visited set: {(1.4142135623730951, 9, 16), (2.414213562373095, 12, 17), (3.414213562373095, 6, 12), (0, 16, None), (2.0, 14, 15), (1.0, 22, 16), (2.8284271247461903, 30, 23), (1.0, 15, 16), (2.414213562373095, 8, 15), (2.414213562373095, 24, 17), (3.414213562373095, 19, 14), (1.0, 17, 16), (3.0, 34, 28), (2.414213562373095, 29, 22), (2.414213562373095, 3, 9), (3.414213562373095, 35, 28), (2.0, 28, 22), (1.4142135623730951, 23, 16), (3.0, 13, 14), (2.0, 18, 17), (2.8284271247461903, 4, 9), (3.414213562373095, 7, 14)}

Iteration 23:
Front set: {(4.82842712474619, 26, 19), (4.414213562373095, 25, 19), (3.82842712474619, 1, 8), (3.82842712474619, 5, 12)}
Visited set: {(1.4142135623730951, 9, 16), (2.414213562373095, 12, 17), (3.414213562373095, 6, 12), (0, 16, None), (2.0, 14, 15), (1.0, 22, 16), (2.8284271247461903, 30, 23), (1.0, 15, 16), (2.414213562373095, 8, 15), (3.82842712474619, 36, 29), (2.414213562373095, 24, 17), (3.414213562373095, 19, 14), (1.0, 17, 16), (3.0, 34, 28), (2.414213562373095, 29, 22), (2.414213562373095, 3, 9), (3.414213562373095, 35, 28), (2.0, 28, 22), (1.4142135623730951, 23, 16), (3.0, 13, 14), (2.0, 18, 17), (2.8284271247461903, 4, 9), (3.414213562373095, 7, 14)}

Iteration 24:
Front set: {(4.82842712474619, 26, 19), (4.414213562373095, 25, 19), (3.82842712474619, 5, 12)}
Visited set: {(1.4142135623730951, 9, 16), (2.414213562373095, 12, 17), (3.414213562373095, 6, 12), (3.82842712474619, 1, 8), (0, 16, None), (2.0, 14, 15), (1.0, 22, 16), (2.8284271247461903, 30, 23), (1.0, 15, 16), (2.414213562373095, 8, 15), (3.82842712474619, 36, 29), (2.414213562373095, 24, 17), (3.414213562373095, 19, 14), (1.0, 17, 16), (3.0, 34, 28), (2.414213562373095, 29, 22), (2.414213562373095, 3, 9), (3.414213562373095, 35, 28), (2.0, 28, 22), (1.4142135623730951, 23, 16), (3.0, 13, 14), (2.0, 18, 17), (2.8284271247461903, 4, 9), (3.414213562373095, 7, 14)}

Iteration 25:
Front set: {(4.82842712474619, 26, 19), (4.414213562373095, 25, 19)}
Visited set: {(1.4142135623730951, 9, 16), (2.414213562373095, 12, 17), (3.414213562373095, 6, 12), (3.82842712474619, 1, 8), (0, 16, None), (2.0, 14, 15), (1.0, 22, 16), (2.8284271247461903, 30, 23), (1.0, 15, 16), (2.414213562373095, 8, 15), (3.82842712474619, 36, 29), (2.414213562373095, 24, 17), (3.414213562373095, 19, 14), (1.0, 17, 16), (3.0, 34, 28), (2.414213562373095, 29, 22), (2.414213562373095, 3, 9), (3.414213562373095, 35, 28), (2.0, 28, 22), (1.4142135623730951, 23, 16), (3.0, 13, 14), (2.0, 18, 17), (2.8284271247461903, 4, 9), (3.414213562373095, 7, 14), (3.82842712474619, 5, 12)}

Iteration 26:
Front set: {(4.82842712474619, 26, 19), (5.82842712474619, 32, 25), (5.414213562373095, 31, 25)}
Visited set: {(1.4142135623730951, 9, 16), (2.414213562373095, 12, 17), (3.414213562373095, 6, 12), (3.82842712474619, 1, 8), (0, 16, None), (4.414213562373095, 25, 19), (2.0, 14, 15), (1.0, 22, 16), (2.8284271247461903, 30, 23), (1.0, 15, 16), (2.414213562373095, 8, 15), (3.82842712474619, 36, 29), (2.414213562373095, 24, 17), (3.414213562373095, 19, 14), (1.0, 17, 16), (3.0, 34, 28), (2.414213562373095, 29, 22), (2.414213562373095, 3, 9), (3.414213562373095, 35, 28), (2.0, 28, 22), (1.4142135623730951, 23, 16), (3.0, 13, 14), (2.0, 18, 17), (2.8284271247461903, 4, 9), (3.414213562373095, 7, 14), (3.82842712474619, 5, 12)}

Iteration 27:
Front set: {(5.82842712474619, 32, 25), (5.414213562373095, 31, 25)}
Visited set: {(1.4142135623730951, 9, 16), (2.414213562373095, 12, 17), (3.414213562373095, 6, 12), (3.82842712474619, 1, 8), (0, 16, None), (4.414213562373095, 25, 19), (2.0, 14, 15), (1.0, 22, 16), (2.8284271247461903, 30, 23), (1.0, 15, 16), (2.414213562373095, 8, 15), (3.82842712474619, 36, 29), (2.414213562373095, 24, 17), (3.414213562373095, 19, 14), (1.0, 17, 16), (3.0, 34, 28), (2.414213562373095, 29, 22), (2.414213562373095, 3, 9), (3.414213562373095, 35, 28), (2.0, 28, 22), (1.4142135623730951, 23, 16), (3.0, 13, 14), (4.82842712474619, 26, 19), (2.0, 18, 17), (2.8284271247461903, 4, 9), (3.414213562373095, 7, 14), (3.82842712474619, 5, 12)}

Iteration 28:
Front set: {(5.82842712474619, 32, 25)}
Visited set: {(1.4142135623730951, 9, 16), (2.414213562373095, 12, 17), (5.414213562373095, 31, 25), (3.414213562373095, 6, 12), (3.82842712474619, 1, 8), (0, 16, None), (4.414213562373095, 25, 19), (2.0, 14, 15), (1.0, 22, 16), (2.8284271247461903, 30, 23), (1.0, 15, 16), (2.414213562373095, 8, 15), (3.82842712474619, 36, 29), (2.414213562373095, 24, 17), (3.414213562373095, 19, 14), (1.0, 17, 16), (3.0, 34, 28), (2.414213562373095, 29, 22), (2.414213562373095, 3, 9), (3.414213562373095, 35, 28), (2.0, 28, 22), (1.4142135623730951, 23, 16), (3.0, 13, 14), (4.82842712474619, 26, 19), (2.0, 18, 17), (2.8284271247461903, 4, 9), (3.414213562373095, 7, 14), (3.82842712474619, 5, 12)}

Iteration 29:
Front set: set()
Visited set: {(1.4142135623730951, 9, 16), (2.414213562373095, 12, 17), (5.414213562373095, 31, 25), (3.414213562373095, 6, 12), (3.82842712474619, 1, 8), (0, 16, None), (5.82842712474619, 32, 25), (4.414213562373095, 25, 19), (2.0, 14, 15), (1.0, 22, 16), (2.8284271247461903, 30, 23), (1.0, 15, 16), (2.414213562373095, 8, 15), (3.82842712474619, 36, 29), (2.414213562373095, 24, 17), (3.414213562373095, 19, 14), (1.0, 17, 16), (3.0, 34, 28), (2.414213562373095, 29, 22), (2.414213562373095, 3, 9), (3.414213562373095, 35, 28), (2.0, 28, 22), (1.4142135623730951, 23, 16), (3.0, 13, 14), (4.82842712474619, 26, 19), (2.0, 18, 17), (2.8284271247461903, 4, 9), (3.414213562373095, 7, 14), (3.82842712474619, 5, 12)}

