Iteration 0:
Front set: {(0, 5, None)}
Visited set: set()

Iteration 1:
Front set: {(1.0, 6, 5), (1.0, 4, 5), (1.4142135623730951, 12, 5)}
Visited set: {(0, 5, None)}

Iteration 2:
Front set: {(1.0, 4, 5), (1.4142135623730951, 12, 5)}
Visited set: {(0, 5, None), (1.0, 6, 5)}

Iteration 3:
Front set: {(2.0, 3, 4), (2.414213562373095, 9, 4), (1.4142135623730951, 12, 5)}
Visited set: {(0, 5, None), (1.0, 6, 5), (1.0, 4, 5)}

Iteration 4:
Front set: {(2.8284271247461903, 17, 12), (2.414213562373095, 18, 12), (2.0, 3, 4), (2.414213562373095, 9, 4)}
Visited set: {(0, 5, None), (1.0, 6, 5), (1.0, 4, 5), (1.4142135623730951, 12, 5)}

Iteration 5:
Front set: {(2.8284271247461903, 17, 12), (2.414213562373095, 18, 12), (3.414213562373095, 8, 3), (2.414213562373095, 9, 4)}
Visited set: {(0, 5, None), (1.0, 6, 5), (2.0, 3, 4), (1.0, 4, 5), (1.4142135623730951, 12, 5)}

Iteration 6:
Front set: {(3.414213562373095, 15, 9), (3.82842712474619, 14, 9), (2.8284271247461903, 17, 12), (2.414213562373095, 18, 12), (3.82842712474619, 16, 9), (3.414213562373095, 8, 3)}
Visited set: {(0, 5, None), (2.414213562373095, 9, 4), (1.0, 6, 5), (2.0, 3, 4), (1.0, 4, 5), (1.4142135623730951, 12, 5)}

Iteration 7:
Front set: {(3.414213562373095, 15, 9), (3.82842712474619, 14, 9), (2.8284271247461903, 17, 12), (3.82842712474619, 16, 9), (3.414213562373095, 8, 3), (3.82842712474619, 23, 18), (3.414213562373095, 24, 18)}
Visited set: {(0, 5, None), (2.414213562373095, 9, 4), (2.414213562373095, 18, 12), (1.0, 6, 5), (2.0, 3, 4), (1.0, 4, 5), (1.4142135623730951, 12, 5)}

Iteration 8:
Front set: {(3.414213562373095, 15, 9), (3.82842712474619, 14, 9), (4.242640687119286, 22, 17), (3.82842712474619, 16, 9), (3.414213562373095, 8, 3), (3.82842712474619, 23, 18), (3.414213562373095, 24, 18)}
Visited set: {(0, 5, None), (2.414213562373095, 9, 4), (2.414213562373095, 18, 12), (1.0, 6, 5), (2.0, 3, 4), (2.8284271247461903, 17, 12), (1.0, 4, 5), (1.4142135623730951, 12, 5)}

Iteration 9:
Front set: {(3.82842712474619, 14, 9), (4.242640687119286, 22, 17), (3.82842712474619, 16, 9), (3.414213562373095, 8, 3), (3.82842712474619, 23, 18), (3.414213562373095, 24, 18)}
Visited set: {(0, 5, None), (3.414213562373095, 15, 9), (2.414213562373095, 9, 4), (2.414213562373095, 18, 12), (1.0, 6, 5), (2.0, 3, 4), (2.8284271247461903, 17, 12), (1.0, 4, 5), (1.4142135623730951, 12, 5)}

Iteration 10:
Front set: {(4.82842712474619, 29, 24), (4.414213562373095, 30, 24), (3.82842712474619, 14, 9), (4.242640687119286, 22, 17), (3.82842712474619, 16, 9), (3.414213562373095, 8, 3), (3.82842712474619, 23, 18)}
Visited set: {(0, 5, None), (3.414213562373095, 15, 9), (2.414213562373095, 9, 4), (2.414213562373095, 18, 12), (3.414213562373095, 24, 18), (1.0, 6, 5), (2.0, 3, 4), (2.8284271247461903, 17, 12), (1.0, 4, 5), (1.4142135623730951, 12, 5)}

Iteration 11:
Front set: {(4.82842712474619, 29, 24), (4.82842712474619, 1, 8), (4.242640687119286, 22, 17), (4.82842712474619, 13, 8), (4.414213562373095, 30, 24), (3.82842712474619, 14, 9), (3.82842712474619, 16, 9), (3.82842712474619, 23, 18), (4.414213562373095, 7, 8)}
Visited set: {(0, 5, None), (3.414213562373095, 15, 9), (3.414213562373095, 8, 3), (2.414213562373095, 9, 4), (2.414213562373095, 18, 12), (3.414213562373095, 24, 18), (1.0, 6, 5), (2.0, 3, 4), (2.8284271247461903, 17, 12), (1.0, 4, 5), (1.4142135623730951, 12, 5)}

Iteration 12:
Front set: {(4.82842712474619, 29, 24), (4.82842712474619, 1, 8), (4.242640687119286, 22, 17), (4.82842712474619, 13, 8), (5.242640687119285, 19, 14), (4.414213562373095, 30, 24), (3.82842712474619, 16, 9), (3.82842712474619, 23, 18), (4.414213562373095, 7, 8)}
Visited set: {(0, 5, None), (3.414213562373095, 15, 9), (3.414213562373095, 8, 3), (2.414213562373095, 9, 4), (2.414213562373095, 18, 12), (3.414213562373095, 24, 18), (1.0, 6, 5), (2.0, 3, 4), (3.82842712474619, 14, 9), (2.8284271247461903, 17, 12), (1.0, 4, 5), (1.4142135623730951, 12, 5)}

Iteration 13:
Front set: {(4.82842712474619, 29, 24), (4.82842712474619, 1, 8), (4.242640687119286, 22, 17), (4.82842712474619, 13, 8), (5.242640687119285, 19, 14), (4.414213562373095, 30, 24), (3.82842712474619, 23, 18), (4.414213562373095, 7, 8)}
Visited set: {(0, 5, None), (3.414213562373095, 15, 9), (3.414213562373095, 8, 3), (2.414213562373095, 9, 4), (2.414213562373095, 18, 12), (3.414213562373095, 24, 18), (1.0, 6, 5), (2.0, 3, 4), (3.82842712474619, 14, 9), (2.8284271247461903, 17, 12), (3.82842712474619, 16, 9), (1.0, 4, 5), (1.4142135623730951, 12, 5)}

Iteration 14:
Front set: {(4.82842712474619, 29, 24), (4.82842712474619, 1, 8), (4.242640687119286, 22, 17), (4.82842712474619, 13, 8), (5.242640687119285, 19, 14), (5.242640687119285, 28, 23), (4.414213562373095, 30, 24), (4.414213562373095, 7, 8)}
Visited set: {(0, 5, None), (3.414213562373095, 15, 9), (3.414213562373095, 8, 3), (2.414213562373095, 9, 4), (2.414213562373095, 18, 12), (3.414213562373095, 24, 18), (1.0, 6, 5), (2.0, 3, 4), (3.82842712474619, 14, 9), (2.8284271247461903, 17, 12), (3.82842712474619, 16, 9), (1.0, 4, 5), (3.82842712474619, 23, 18), (1.4142135623730951, 12, 5)}

Iteration 15:
Front set: {(4.82842712474619, 29, 24), (4.414213562373095, 30, 24), (4.82842712474619, 1, 8), (4.82842712474619, 13, 8), (4.414213562373095, 7, 8), (5.242640687119285, 28, 23), (5.242640687119285, 19, 14)}
Visited set: {(0, 5, None), (3.414213562373095, 15, 9), (3.414213562373095, 8, 3), (2.414213562373095, 9, 4), (4.242640687119286, 22, 17), (2.414213562373095, 18, 12), (3.414213562373095, 24, 18), (1.0, 6, 5), (2.0, 3, 4), (3.82842712474619, 14, 9), (2.8284271247461903, 17, 12), (3.82842712474619, 16, 9), (1.0, 4, 5), (3.82842712474619, 23, 18), (1.4142135623730951, 12, 5)}

Iteration 16:
Front set: {(4.82842712474619, 29, 24), (5.414213562373095, 36, 30), (4.82842712474619, 1, 8), (4.82842712474619, 13, 8), (5.242640687119285, 19, 14), (5.242640687119285, 28, 23), (5.82842712474619, 35, 30), (4.414213562373095, 7, 8)}
Visited set: {(0, 5, None), (3.414213562373095, 15, 9), (3.414213562373095, 8, 3), (2.414213562373095, 9, 4), (4.242640687119286, 22, 17), (2.414213562373095, 18, 12), (3.414213562373095, 24, 18), (4.414213562373095, 30, 24), (1.0, 6, 5), (2.0, 3, 4), (3.82842712474619, 14, 9), (2.8284271247461903, 17, 12), (3.82842712474619, 16, 9), (1.0, 4, 5), (3.82842712474619, 23, 18), (1.4142135623730951, 12, 5)}

Iteration 17:
Front set: {(4.82842712474619, 29, 24), (5.414213562373095, 36, 30), (4.82842712474619, 1, 8), (5.82842712474619, 35, 30), (4.82842712474619, 13, 8), (5.242640687119285, 28, 23), (5.242640687119285, 19, 14)}
Visited set: {(0, 5, None), (3.414213562373095, 15, 9), (3.414213562373095, 8, 3), (2.414213562373095, 9, 4), (4.242640687119286, 22, 17), (2.414213562373095, 18, 12), (3.414213562373095, 24, 18), (4.414213562373095, 30, 24), (1.0, 6, 5), (2.0, 3, 4), (3.82842712474619, 14, 9), (2.8284271247461903, 17, 12), (3.82842712474619, 16, 9), (1.0, 4, 5), (3.82842712474619, 23, 18), (4.414213562373095, 7, 8), (1.4142135623730951, 12, 5)}

Iteration 18:
Front set: {(6.242640687119285, 34, 29), (5.414213562373095, 36, 30), (4.82842712474619, 1, 8), (5.82842712474619, 35, 30), (4.82842712474619, 13, 8), (5.242640687119285, 28, 23), (5.242640687119285, 19, 14)}
Visited set: {(0, 5, None), (3.414213562373095, 15, 9), (4.82842712474619, 29, 24), (3.414213562373095, 8, 3), (2.414213562373095, 9, 4), (4.242640687119286, 22, 17), (2.414213562373095, 18, 12), (3.414213562373095, 24, 18), (4.414213562373095, 30, 24), (1.0, 6, 5), (2.0, 3, 4), (3.82842712474619, 14, 9), (2.8284271247461903, 17, 12), (3.82842712474619, 16, 9), (1.0, 4, 5), (3.82842712474619, 23, 18), (4.414213562373095, 7, 8), (1.4142135623730951, 12, 5)}

Iteration 19:
Front set: {(6.242640687119285, 34, 29), (5.414213562373095, 36, 30), (5.82842712474619, 35, 30), (4.82842712474619, 13, 8), (5.242640687119285, 28, 23), (5.242640687119285, 19, 14)}
Visited set: {(3.414213562373095, 15, 9), (4.82842712474619, 29, 24), (3.414213562373095, 8, 3), (1.0, 4, 5), (1.4142135623730951, 12, 5), (0, 5, None), (4.414213562373095, 30, 24), (1.0, 6, 5), (4.242640687119286, 22, 17), (2.414213562373095, 9, 4), (4.82842712474619, 1, 8), (3.414213562373095, 24, 18), (2.0, 3, 4), (3.82842712474619, 14, 9), (2.8284271247461903, 17, 12), (3.82842712474619, 16, 9), (2.414213562373095, 18, 12), (3.82842712474619, 23, 18), (4.414213562373095, 7, 8)}

Iteration 20:
Front set: {(6.242640687119285, 34, 29), (5.414213562373095, 36, 30), (5.82842712474619, 35, 30), (5.242640687119285, 28, 23), (5.242640687119285, 19, 14)}
Visited set: {(3.414213562373095, 15, 9), (4.82842712474619, 29, 24), (3.414213562373095, 8, 3), (1.0, 4, 5), (1.4142135623730951, 12, 5), (0, 5, None), (4.82842712474619, 13, 8), (4.414213562373095, 30, 24), (1.0, 6, 5), (4.242640687119286, 22, 17), (2.414213562373095, 9, 4), (4.82842712474619, 1, 8), (3.414213562373095, 24, 18), (2.0, 3, 4), (3.82842712474619, 14, 9), (2.8284271247461903, 17, 12), (3.82842712474619, 16, 9), (2.414213562373095, 18, 12), (3.82842712474619, 23, 18), (4.414213562373095, 7, 8)}

Iteration 21:
Front set: {(6.242640687119285, 34, 29), (5.414213562373095, 36, 30), (6.65685424949238, 26, 19), (5.82842712474619, 35, 30), (6.242640687119285, 25, 19), (5.242640687119285, 28, 23)}
Visited set: {(3.414213562373095, 15, 9), (4.82842712474619, 29, 24), (3.414213562373095, 8, 3), (1.0, 4, 5), (1.4142135623730951, 12, 5), (0, 5, None), (4.82842712474619, 13, 8), (4.414213562373095, 30, 24), (1.0, 6, 5), (4.242640687119286, 22, 17), (5.242640687119285, 19, 14), (2.414213562373095, 9, 4), (4.82842712474619, 1, 8), (3.414213562373095, 24, 18), (2.0, 3, 4), (3.82842712474619, 14, 9), (2.8284271247461903, 17, 12), (3.82842712474619, 16, 9), (2.414213562373095, 18, 12), (3.82842712474619, 23, 18), (4.414213562373095, 7, 8)}

Iteration 22:
Front set: {(6.242640687119285, 34, 29), (5.414213562373095, 36, 30), (6.65685424949238, 26, 19), (5.82842712474619, 35, 30), (6.242640687119285, 25, 19), (6.65685424949238, 33, 28)}
Visited set: {(3.414213562373095, 15, 9), (4.82842712474619, 29, 24), (3.414213562373095, 8, 3), (1.0, 4, 5), (1.4142135623730951, 12, 5), (0, 5, None), (4.82842712474619, 13, 8), (4.414213562373095, 30, 24), (1.0, 6, 5), (4.242640687119286, 22, 17), (5.242640687119285, 19, 14), (5.242640687119285, 28, 23), (2.414213562373095, 9, 4), (4.82842712474619, 1, 8), (3.414213562373095, 24, 18), (2.0, 3, 4), (3.82842712474619, 14, 9), (2.8284271247461903, 17, 12), (3.82842712474619, 16, 9), (2.414213562373095, 18, 12), (3.82842712474619, 23, 18), (4.414213562373095, 7, 8)}

Iteration 23:
Front set: {(6.242640687119285, 34, 29), (6.65685424949238, 26, 19), (5.82842712474619, 35, 30), (6.242640687119285, 25, 19), (6.65685424949238, 33, 28)}
Visited set: {(3.414213562373095, 15, 9), (4.82842712474619, 29, 24), (3.414213562373095, 8, 3), (1.0, 4, 5), (1.4142135623730951, 12, 5), (0, 5, None), (5.414213562373095, 36, 30), (4.82842712474619, 13, 8), (4.414213562373095, 30, 24), (1.0, 6, 5), (4.242640687119286, 22, 17), (5.242640687119285, 19, 14), (5.242640687119285, 28, 23), (2.414213562373095, 9, 4), (4.82842712474619, 1, 8), (3.414213562373095, 24, 18), (2.0, 3, 4), (3.82842712474619, 14, 9), (2.8284271247461903, 17, 12), (3.82842712474619, 16, 9), (2.414213562373095, 18, 12), (3.82842712474619, 23, 18), (4.414213562373095, 7, 8)}

Iteration 24:
Front set: {(6.242640687119285, 25, 19), (6.242640687119285, 34, 29), (6.65685424949238, 26, 19), (6.65685424949238, 33, 28)}
Visited set: {(3.414213562373095, 15, 9), (4.82842712474619, 29, 24), (5.82842712474619, 35, 30), (3.414213562373095, 8, 3), (1.0, 4, 5), (1.4142135623730951, 12, 5), (0, 5, None), (5.414213562373095, 36, 30), (4.82842712474619, 13, 8), (4.414213562373095, 30, 24), (1.0, 6, 5), (4.242640687119286, 22, 17), (5.242640687119285, 19, 14), (5.242640687119285, 28, 23), (2.414213562373095, 9, 4), (4.82842712474619, 1, 8), (3.414213562373095, 24, 18), (2.0, 3, 4), (3.82842712474619, 14, 9), (2.8284271247461903, 17, 12), (3.82842712474619, 16, 9), (2.414213562373095, 18, 12), (3.82842712474619, 23, 18), (4.414213562373095, 7, 8)}

Iteration 25:
Front set: {(6.242640687119285, 34, 29), (7.65685424949238, 32, 25), (6.65685424949238, 26, 19), (7.242640687119285, 31, 25), (6.65685424949238, 33, 28)}
Visited set: {(3.414213562373095, 15, 9), (4.82842712474619, 29, 24), (5.82842712474619, 35, 30), (3.414213562373095, 8, 3), (1.0, 4, 5), (1.4142135623730951, 12, 5), (0, 5, None), (5.414213562373095, 36, 30), (4.82842712474619, 13, 8), (4.414213562373095, 30, 24), (1.0, 6, 5), (4.242640687119286, 22, 17), (5.242640687119285, 19, 14), (5.242640687119285, 28, 23), (2.414213562373095, 9, 4), (4.82842712474619, 1, 8), (3.414213562373095, 24, 18), (6.242640687119285, 25, 19), (2.0, 3, 4), (3.82842712474619, 14, 9), (2.8284271247461903, 17, 12), (3.82842712474619, 16, 9), (2.414213562373095, 18, 12), (3.82842712474619, 23, 18), (4.414213562373095, 7, 8)}

Iteration 26:
Front set: {(6.65685424949238, 26, 19), (7.242640687119285, 31, 25), (7.65685424949238, 32, 25), (6.65685424949238, 33, 28)}
Visited set: {(3.414213562373095, 15, 9), (4.82842712474619, 29, 24), (5.82842712474619, 35, 30), (3.414213562373095, 8, 3), (1.0, 4, 5), (1.4142135623730951, 12, 5), (0, 5, None), (5.414213562373095, 36, 30), (4.82842712474619, 13, 8), (4.414213562373095, 30, 24), (1.0, 6, 5), (4.242640687119286, 22, 17), (5.242640687119285, 19, 14), (5.242640687119285, 28, 23), (6.242640687119285, 34, 29), (2.414213562373095, 9, 4), (4.82842712474619, 1, 8), (3.414213562373095, 24, 18), (6.242640687119285, 25, 19), (2.0, 3, 4), (3.82842712474619, 14, 9), (2.8284271247461903, 17, 12), (3.82842712474619, 16, 9), (2.414213562373095, 18, 12), (3.82842712474619, 23, 18), (4.414213562373095, 7, 8)}

Iteration 27:
Front set: {(7.242640687119285, 31, 25), (7.65685424949238, 32, 25), (6.65685424949238, 33, 28)}
Visited set: {(3.414213562373095, 15, 9), (4.82842712474619, 29, 24), (5.82842712474619, 35, 30), (3.414213562373095, 8, 3), (1.0, 4, 5), (1.4142135623730951, 12, 5), (0, 5, None), (5.414213562373095, 36, 30), (4.82842712474619, 13, 8), (4.414213562373095, 30, 24), (1.0, 6, 5), (4.242640687119286, 22, 17), (5.242640687119285, 19, 14), (5.242640687119285, 28, 23), (6.242640687119285, 34, 29), (2.414213562373095, 9, 4), (4.82842712474619, 1, 8), (3.414213562373095, 24, 18), (6.242640687119285, 25, 19), (2.0, 3, 4), (3.82842712474619, 14, 9), (6.65685424949238, 26, 19), (2.8284271247461903, 17, 12), (3.82842712474619, 16, 9), (2.414213562373095, 18, 12), (3.82842712474619, 23, 18), (4.414213562373095, 7, 8)}

Iteration 28:
Front set: {(7.242640687119285, 31, 25), (7.65685424949238, 32, 25)}
Visited set: {(3.414213562373095, 15, 9), (4.82842712474619, 29, 24), (5.82842712474619, 35, 30), (3.414213562373095, 8, 3), (1.0, 4, 5), (1.4142135623730951, 12, 5), (0, 5, None), (5.414213562373095, 36, 30), (4.82842712474619, 13, 8), (4.414213562373095, 30, 24), (1.0, 6, 5), (4.242640687119286, 22, 17), (5.242640687119285, 19, 14), (5.242640687119285, 28, 23), (6.242640687119285, 34, 29), (6.65685424949238, 33, 28), (2.414213562373095, 9, 4), (4.82842712474619, 1, 8), (3.414213562373095, 24, 18), (6.242640687119285, 25, 19), (2.0, 3, 4), (3.82842712474619, 14, 9), (6.65685424949238, 26, 19), (2.8284271247461903, 17, 12), (3.82842712474619, 16, 9), (2.414213562373095, 18, 12), (3.82842712474619, 23, 18), (4.414213562373095, 7, 8)}

Iteration 29:
Front set: {(7.65685424949238, 32, 25)}
Visited set: {(3.414213562373095, 15, 9), (4.82842712474619, 29, 24), (5.82842712474619, 35, 30), (7.242640687119285, 31, 25), (3.414213562373095, 8, 3), (1.0, 4, 5), (1.4142135623730951, 12, 5), (0, 5, None), (5.414213562373095, 36, 30), (4.82842712474619, 13, 8), (4.414213562373095, 30, 24), (1.0, 6, 5), (4.242640687119286, 22, 17), (5.242640687119285, 19, 14), (5.242640687119285, 28, 23), (6.242640687119285, 34, 29), (6.65685424949238, 33, 28), (2.414213562373095, 9, 4), (4.82842712474619, 1, 8), (3.414213562373095, 24, 18), (6.242640687119285, 25, 19), (2.0, 3, 4), (3.82842712474619, 14, 9), (6.65685424949238, 26, 19), (2.8284271247461903, 17, 12), (3.82842712474619, 16, 9), (2.414213562373095, 18, 12), (3.82842712474619, 23, 18), (4.414213562373095, 7, 8)}

Iteration 30:
Front set: set()
Visited set: {(3.414213562373095, 15, 9), (4.82842712474619, 29, 24), (5.82842712474619, 35, 30), (7.242640687119285, 31, 25), (3.414213562373095, 8, 3), (1.0, 4, 5), (1.4142135623730951, 12, 5), (0, 5, None), (5.414213562373095, 36, 30), (7.65685424949238, 32, 25), (4.82842712474619, 13, 8), (4.414213562373095, 30, 24), (1.0, 6, 5), (4.242640687119286, 22, 17), (5.242640687119285, 19, 14), (5.242640687119285, 28, 23), (6.242640687119285, 34, 29), (6.65685424949238, 33, 28), (2.414213562373095, 9, 4), (4.82842712474619, 1, 8), (3.414213562373095, 24, 18), (6.242640687119285, 25, 19), (2.0, 3, 4), (3.82842712474619, 14, 9), (6.65685424949238, 26, 19), (2.8284271247461903, 17, 12), (3.82842712474619, 16, 9), (2.414213562373095, 18, 12), (3.82842712474619, 23, 18), (4.414213562373095, 7, 8)}

